0.28
0.28006
0.28012
0.28018
0.28024
0.2803
0.28036
0.28042
0.28048
0.28054
0.2806
0.28066
0.28072
0.28078
0.28084
0.2809
0.28096
0.28102
0.28108
0.28114
0.2812
0.28126
0.28132
0.28138
0.28144
0.2815
0.28156
0.28162
0.28168
0.28174
0.2818
0.28186
0.28192
0.28198
0.28204
0.2821
0.28216
0.28222
0.28228
0.28234
0.2824
0.28246
0.28252
0.28258
0.28264
0.2827
0.28276
0.28282
0.28288
0.28294
0.283
0.28306
0.28312
0.28318
0.28324
0.2833
0.28336
0.28342
0.28348
0.28354
0.2836
0.28366
0.28372
0.28378
0.28384
0.2839
0.28396
0.28402
0.28408
0.28414
0.2842
0.28426
0.28432
0.28438
0.28444
0.2845
0.28456
0.28462
0.28468
0.28474
0.2848
0.28486
0.28492
0.28498
0.28504
0.2851
0.28516
0.28522
0.28528
0.28534
0.2854
0.28546
0.28552
0.28558
0.28564
0.2857
0.28576
0.28582
0.28588
0.28594
0.286
0.28606
0.28612
0.28618
0.28624
0.2863
0.28636
0.28642
0.28648
0.28654
0.2866
0.28666
0.28672
0.28678
0.28684
0.2869
0.28696
0.28702
0.28708
0.28714
0.2872
0.28726
0.28732
0.28738
0.28744
0.2875
0.28756
0.28762
0.28768
0.28774
0.2878
0.28786
0.28792
0.28798
0.28804
0.2881
0.28816
0.28822
0.28828
0.28834
0.2884
0.28846
0.28852
0.28858
0.28864
0.2887
0.28876
0.28882
0.28888
0.28894
0.289
0.28906
0.28912
0.28918
0.28924
0.2893
0.28936
0.28942
0.28948
0.28954
0.2896
0.28966
0.28972
0.28978
0.28984
0.2899
0.28996
0.29002
0.29008
0.29014
0.2902
0.29026
0.29032
0.29038
0.29044
0.2905
0.29056
0.29062
0.29068
0.29074
0.2908
0.29086
0.29092
0.29098
0.29104
0.2911
0.29116
0.29122
0.29128
0.29134
0.2914
0.29146
0.29152
0.29158
0.29164
0.2917
0.29176
0.29182
0.29188
0.29194
0.292
0.29206
0.29212
0.29218
0.29224
0.2923
0.29236
0.29242
0.29248
0.29254
0.2926
0.29266
0.29272
0.29278
0.29284
0.2929
0.29296
0.29302
0.29308
0.29314
0.2932
0.29326
0.29332
0.29338
0.29344
0.2935
0.29356
0.29362
0.29368
0.29374
0.2938
0.29386
0.29392
0.29398
0.29404
0.2941
0.29416
0.29422
0.29428
0.29434
0.2944
0.29446
0.29452
0.29458
0.29464
0.2947
0.29476
0.29482
0.29488
0.29494
0.295
0.29506
0.29512
0.29518
0.29524
0.2953
0.29536
0.29542
0.29548
0.29554
0.2956
0.29566
0.29572
0.29578
0.29584
0.2959
0.29596
0.29602
0.29608
0.29614
0.2962
0.29626
0.29632
0.29638
0.29644
0.2965
0.29656
0.29662
0.29668
0.29674
0.2968
0.29686
0.29692
0.29698
0.29704
0.2971
0.29716
0.29722
0.29728
0.29734
0.2974
0.29746
0.29752
0.29758
0.29764
0.2977
0.29776
0.29782
0.29788
0.29794
0.298
0.29806
0.29812
0.29818
0.29824
0.2983
0.29836
0.29842
0.29848
0.29854
0.2986
0.29866
0.29872
0.29878
0.29884
0.2989
0.29896
0.29902
0.29908
0.29914
0.2992
0.29926
0.29932
0.29938
0.29944
0.2995
0.29956
0.29962
0.29968
0.29974
0.2998
0.29986
0.29992
0.29998
0.30004
0.3001
0.30016
0.30022
0.30028
0.30034
0.3004
0.30046
0.30052
0.30058
0.30064
0.3007
0.30076
0.30082
0.30088
0.30094
0.301
0.30106
0.30112
0.30118
0.30124
0.3013
0.30136
0.30142
0.30148
0.30154
0.3016
0.30166
0.30172
0.30178
0.30184
0.3019
0.30196
0.30202
0.30208
0.30214
0.3022
0.30226
0.30232
0.30238
0.30244
0.3025
0.30256
0.30262
0.30268
0.30274
0.3028
0.30286
0.30292
0.30298
0.30304
0.3031
0.30316
0.30322
0.30328
0.30334
0.3034
0.30346
0.30352
0.30358
0.30364
0.3037
0.30376
0.30382
0.30388
0.30394
0.304
0.30406
0.30412
0.30418
0.30424
0.3043
0.30436
0.30442
0.30448
0.30454
0.3046
0.30466
0.30472
0.30478
0.30484
0.3049
0.30496
0.30502
0.30508
0.30514
0.3052
0.30526
0.30532
0.30538
0.30544
0.3055
0.30556
0.30562
0.30568
0.30574
0.3058
0.30586
0.30592
0.30598
0.30604
0.3061
0.30616
0.30622
0.30628
0.30634
0.3064
0.30646
0.30652
0.30658
0.30664
0.3067
0.30676
0.30682
0.30688
0.30694
0.307
0.30706
0.30712
0.30718
0.30724
0.3073
0.30736
0.30742
0.30748
0.30754
0.3076
0.30766
0.30772
0.30778
0.30784
0.3079
0.30796
0.30802
0.30808
0.30814
0.3082
0.30826
0.30832
0.30838
0.30844
0.3085
0.30856
0.30862
0.30868
0.30874
0.3088
0.30886
0.30892
0.30898
0.30904
0.3091
0.30916
0.30922
0.30928
0.30934
0.3094
0.30946
0.30952
0.30958
0.30964
0.3097
0.30976
0.30982
0.30988
0.30994
0.31
0.31
0.31
0.31
0.31
0.31
0.31
0.31
0.31
0.31
0.31
0.31
0.31
0.31
0.31
0.31
0.31
0.31
0.31
0.31
0.31
0.31
0.31
0.31
0.31
0.31
0.31
0.31
0.31
0.31
0.31
0.31
0.31
0.31
0.31
0.31
0.31
0.31
0.31
0.31
0.31
0.31
0.31
0.31
0.31
0.31
0.31
0.31
0.31
0.31
0.31
0.31
0.31
0.31
0.31
0.31
0.31
0.31
0.31
0.31
0.31
0.31
0.31
0.31
0.31
0.31
0.31
0.31
0.31
0.31
0.31
0.31
0.31
0.31
0.31
0.31
0.31
0.31
0.31
0.31
0.31
0.31
0.31
0.31
0.31
0.31
0.31
0.31
0.31
0.31
0.31
0.31
0.31
0.31
0.31
0.31
0.31
0.31
0.31
0.31
0.31
0.31
0.31
0.31
0.31
0.31
0.31
0.31
0.31
0.31
0.31
0.31
0.31
0.31
0.31
0.31
0.31
0.31
0.31
0.31
0.31
0.31
0.31
0.31
0.31
0.31
0.31
0.31
0.31
0.31
0.31
0.31
0.31
0.31
0.31
0.31
0.31
0.31
0.31
0.31
0.31
0.31
0.31
0.31
0.31
0.31
0.31
0.31
0.31
0.31
0.31
0.31
0.31
0.31
0.31
0.31
0.31
0.31
0.31
0.31
0.31
0.31
0.31
0.31
0.31
0.31
0.31
0.31
0.31
0.31
0.31
0.31
0.31
0.31
0.31
0.31
0.31
0.31
0.31
0.31
0.31
0.31
0.31
0.31
0.31
0.31
0.31
0.31
0.31
0.31
0.31
0.31
0.31
0.31
0.31
0.31
0.31
0.31
0.31
0.31
0.31
0.31
0.31
0.31
0.31
0.31
0.31
0.31
0.31
0.31
0.31
0.31
0.31
0.31
0.31
0.31
0.31
0.31
0.31
0.31
0.31
0.31
0.31
0.31
0.31
0.31
0.31
0.31
0.31
0.31
0.31
0.31
0.31
0.31
0.31
0.31
0.31
0.31
0.31
0.31
0.31
0.31
0.31
0.31
0.31
0.31
0.31
0.31
0.31
0.31
0.31
0.31
0.31
0.31
0.31
0.31
0.31
0.31
0.31
0.31
0.31
0.31
0.31
0.31
0.31
0.31
0.31
0.31
0.31
0.31
0.31
0.31
0.31
0.31
0.31
0.31
0.31
0.31
0.31
0.31
0.31
0.31
0.31
0.31
0.31
0.31
0.31
0.31
0.31
0.31
0.31
0.31
0.31
0.31
0.31
0.31
0.31
0.31
0.31
0.31
0.31
0.31
0.31
0.31
0.31
0.31
0.31
0.31
0.31
0.31
0.31
0.31
0.31
0.31
0.31
0.31
0.31
0.31
0.31
0.31
0.31
0.31
0.31
0.31
0.31
0.31
0.31
0.31
0.31
0.31
0.31
0.31
0.31
0.31
0.31
0.31
0.31
0.31
0.31
0.31
0.31
0.31
0.31
0.31
0.31
0.31
0.31
0.31
0.31
0.31
0.31
0.31
0.31
0.31
0.31
0.31
0.31
0.31
0.31
0.31
0.31
0.31
0.31
0.31
0.31
0.31
0.31
0.31
0.31
0.31
0.31
0.31
0.31
0.31
0.31
0.31
0.31
0.31
0.31
0.31
0.31
0.31
0.31
0.31
0.31
0.31
0.31
0.31
0.31
0.31
0.31
0.31
0.31
0.31
0.31
0.31
0.31
0.31
0.31
0.31
0.31
0.31
0.31
0.31
0.31
0.31
0.31
0.31
0.31
0.31
0.31
0.31
0.31
0.31
0.31
0.31
0.31
0.31
0.31
0.31
0.31
0.31
0.31
0.31
0.31
0.31
0.31
0.31
0.31
0.31
0.31
0.31
0.31
0.31
0.31
0.31
0.31
0.31
0.31
0.31
0.31
0.31
0.31
0.31
0.31
0.31
0.31
0.31
0.31
0.31
0.31
0.31
0.31
0.31
0.31
0.31
0.31
0.31
0.31
0.31
0.31
0.31
0.31
0.31
0.31
0.31
0.31
0.31
0.31
0.31
0.31
0.31
0.31
0.31
0.31
0.31
0.31
0.31
0.31
0.31
0.31
0.31
0.31
0.31
0.31
0.31
0.31
0.31
0.31
0.31
0.31
0.31
0.31
0.31
0.31
0.31
0.31
0.31
0.31
0.31
0.31
0.31
0.31
0.31
0.31
0.31
0.31
0.31
0.31
0.31
0.31
0.31
0.31
0.31
0.31
0.31
0.31
0.31
0.31
0.31
0.31
0.31
0.31
0.31
0.31
0.31
0.31
0.31
0.31
0.31
0.31
0.31
0.31
0.31
0.31
0.31
0.31
0.31
0.31
0.31
0.31
0.31
0.31
0.31
0.31
0.31
0.31
0.31
0.31
0.31
0.31
0.31
0.31
0.31
0.31
0.31
0.31
0.31
0.31
0.31
0.31
0.31
0.31
0.31
0.31
0.31
0.31
0.31
0.31
0.31
0.31
0.31
0.31
0.31
0.31
0.31
0.31
0.31
0.31
0.31
0.31
0.31
0.31
0.31
0.31
0.31
0.31
0.31
0.31
0.31
0.31
0.31
0.31
0.31
0.31
0.31
0.31
0.31
0.31
0.31
0.31
0.31
0.31
0.31
0.31
0.31
0.31
0.31
0.31
0.31
0.31
0.31
0.31
0.31
0.31
0.31
0.31
0.31
0.31
0.31
0.31
0.31
0.31
0.31
0.31
0.31
0.31
0.31
0.31
0.31
0.31
0.31
0.31
0.31
0.31
0.31
0.31
0.31
0.31
0.31
0.31
0.31
0.31
0.31
0.31
0.31
0.31
0.31
0.31
0.31
0.31
0.31
0.31
0.31
0.31
0.31
0.31
0.31
0.31
0.31
0.31
0.31
0.31
0.31
0.31
0.31
0.31
0.31
0.31
0.31
0.31
0.31
0.31
0.31
0.31
0.31
0.31
0.31
0.31
0.31
0.31
0.31
0.31
0.31
0.31
0.31
0.31
0.31
0.31
0.31
0.31
0.31
0.31
0.31
0.31
0.31
0.31
0.31
0.31
0.31
0.31
0.31
0.31
0.31
0.31
0.31
0.31
0.31
0.31
0.31
0.31
0.31
0.31
0.31
0.31
0.31
0.31
0.31
0.31
0.31
0.31
0.31
0.31
0.31
0.31
0.31
0.31
0.31
0.31
0.31
0.31
0.31
0.31
0.31
0.31
0.31
0.31
0.31
0.31
0.31
0.31
0.31
0.31
0.31
0.31
0.31
0.31
0.31
0.31
0.31
0.31
0.31
0.31
0.31
0.31
0.31
0.31
0.31
0.31
0.31
0.31
0.31
0.31
0.31
0.31
0.31
0.31
0.31
0.31
0.31
0.31
0.31
0.31
0.31
0.31
0.31
0.31
0.31
0.31
0.31
0.31
0.31
0.31
0.31
0.31
0.31
0.31
0.31
0.31
0.31
0.31
0.31
0.31
0.31
0.31
0.31
0.31
0.31
0.31
0.31
0.31
0.31
0.31
0.31
0.31
0.31
0.31
0.31
0.31
0.31
0.31
0.31
0.31
0.31
0.31
0.31
0.31
0.31
0.31
0.31
0.31
0.31
0.31
0.31
0.31
0.31
0.31
0.31
0.31
0.31
0.31
0.31
0.31
0.31
0.31
0.31
0.31
0.31
0.31
0.31
0.31
0.31
0.31
0.31
0.31
0.31
0.31
0.31
0.31
0.31
0.31
0.31
0.31
0.31
0.31
0.31
0.31
0.31
0.31
0.31
0.31
0.31
0.31
0.31
0.31
0.31
0.31
0.31
0.31
0.31
0.31
0.31
0.31
0.31
0.31
0.31
0.31
0.31
0.31
0.31
0.31
0.31
0.31
0.31
0.31
0.31
0.31
0.31
0.31
0.31
0.31
0.31
0.31
0.31
0.31
0.31
0.31
0.31
0.31
0.31
0.31
0.31
0.31
0.31
0.31
0.31
0.31
0.31
0.31
0.31
0.31
0.31
0.31
0.31
0.31
0.31
0.31
0.31
0.31
0.31
0.31
0.31
0.31
0.31
0.31
0.31
0.31
0.31
0.31
0.31
0.31
0.31
0.31
0.31
0.31
0.31
0.31
0.31
0.31
0.31
0.31
0.31
0.31
0.31
0.31
0.31
0.31
0.31
0.31
0.31
0.31
0.31
0.31
0.31
0.31
0.31
0.31
0.31
0.31
0.31
0.31
0.31
0.31
0.31
0.31
0.31
0.31
0.31
0.31
0.31
0.31
0.31
0.31
0.31
0.31
0.31
0.31
0.31
0.31
0.31
0.31
0.31
0.31
0.31
0.31
0.31
0.31
0.31
0.31
0.31
0.31
0.31
0.31
0.31
0.31
0.31
0.31
0.31
0.31
0.31
0.31
0.31
0.31
0.31
0.31
0.31
0.31
0.31
0.31
0.31
0.31
0.31
0.31
0.31
0.31
0.31
0.31
0.31
0.31
0.31
0.31
0.31
0.31
0.31
0.31
0.31
0.31
0.31
0.31
0.31
0.31
0.31
0.31
0.31
0.31
0.31
0.31
0.31
0.31
0.31
0.31
0.31
0.31
0.31
0.31
0.31
0.31
0.31
0.31
0.31
0.31
0.31
0.31
0.31
0.31
0.31
0.31
0.31
0.31
0.31
0.31
0.31
0.31
0.31
0.31
0.31
0.31
0.31
0.31
0.31
0.31
0.31
0.31
0.31
0.31
0.31
0.31
0.31
0.31
0.31
0.31
0.31
0.31
0.31
0.31
0.31
0.31
0.31
0.31
0.31
0.31
0.31
0.31
0.31
0.31
0.31
0.31
0.31
0.31
0.31
0.31
0.31
0.31
0.31
0.31
0.31
0.31
0.31
0.31
0.31
0.31
0.31
0.31
0.31
0.31
0.31
0.31
0.31
0.31
0.31
0.31
0.31
0.31
0.31
0.31
0.31
0.31
0.31
0.31
0.31
0.31
0.31
0.31
0.31
0.31
0.31
0.31
0.31
0.31
0.31
0.31
0.31
0.31
0.31
0.31
0.31
0.31
0.31
0.31
0.31
0.31
0.31
0.31
0.31
0.31
0.31
0.31
0.31
0.31
0.31
0.31
0.31
0.31
0.31
0.31
0.31
0.31
0.31
0.31
0.31
0.31
0.31
0.31
0.31
0.31
0.31
0.31
0.31
0.31
0.31
0.31
0.31
0.31
0.31
0.31
0.31
0.31
0.31
0.31
0.31
0.31
0.31
0.31
0.31
0.31
0.31
0.31
0.31
0.31
0.31
0.31
0.31
0.31
0.31
0.31
0.31
0.31
0.31
0.31
0.31
0.31
0.31
0.31
0.31
0.31
0.31
0.31
0.31
0.31
0.31
0.31
0.31
0.31
0.31
0.31
0.31
0.31
0.31
0.31
0.31
0.31
0.31
0.31
0.31
0.31
0.31
0.31
0.31
0.31
0.31
0.31
0.31
0.31
0.31
0.31
0.31
0.31
0.31
0.31
0.31
0.31
0.31
0.31
0.31
0.31
0.31
0.31
0.31
0.31
0.31
0.31
0.31
0.31
0.31
0.31
0.31
0.31
0.31
0.31
0.31
0.31
0.31
0.31
0.31
0.31
0.31
0.31
0.31
0.31
0.31
0.31
0.31
0.31
0.31
0.31
0.31
0.31
0.31
0.31
0.31
0.31
0.31
0.31
0.31
0.31
0.31
0.31
0.31
0.31
0.31
0.31
0.31
0.31
0.31
0.31
0.31
0.31
0.31
0.31
0.31
0.31
0.31
0.31
0.31
0.31
0.31
0.31
0.31
0.31
0.31
0.31
0.31
0.31
0.31
0.31
0.31
0.31
0.31
0.31
0.31
0.31
0.31
0.31
0.31
0.31
0.31
0.31
0.31
0.31
0.31
0.31
0.31
0.31
0.31
0.31
0.31
0.31
0.31
0.31
0.31
0.31
0.31
0.31
0.31
0.31
0.31
0.31
0.31
0.31
0.31
0.31
0.31
0.31
0.31
0.31
0.31
0.31
0.31
0.31
0.31
0.31
0.31
0.31
0.31
0.31
0.31
0.31
0.31
0.31
0.31
0.31
0.31
0.31
0.31
0.31
0.31
0.31
0.31
0.31
0.31
0.31
0.31
0.31
0.31
0.31
0.31
0.31
0.31
0.31
0.31
0.31
0.31
0.31
0.31
0.31
0.31
0.31
0.31
0.31
0.31
0.31
0.31
0.31
0.31
0.31
0.31
0.31
0.31
0.31
0.31
0.31
0.31
0.31
0.31
0.31
0.31
0.31
0.31
0.31
0.31
0.31
0.31
0.31
0.31
0.31
0.31
0.31
0.31
0.31
0.31
0.31
0.31
0.31
0.31
0.31
0.31
0.31
0.31
0.31
0.31
0.31
0.31
0.31
0.31
0.31
0.31
0.31
0.31
0.31
0.31
0.31
0.31
0.31
0.31
0.31
0.31
0.31
0.31
0.31
0.31
0.31
0.31
0.31
0.31
0.31
0.31
0.31
0.31
0.31
0.31
0.31
0.31
0.31
0.31
0.31
0.31
0.31
0.31
0.31
0.31
0.31
0.31
0.31
0.31
0.31
0.31
0.31
0.31
0.31
0.31
0.31
0.31046
0.31092
0.31138
0.31184
0.3123
0.31276
0.31322
0.31368
0.31414
0.3146
0.31506
0.31552
0.31598
0.31644
0.3169
0.31736
0.31782
0.31828
0.31874
0.3192
0.31966
0.32012
0.32058
0.32104
0.3215
0.32196
0.32242
0.32288
0.32334
0.3238
0.32426
0.32472
0.32518
0.32564
0.3261
0.32656
0.32702
0.32748
0.32794
0.3284
0.32886
0.32932
0.32978
0.33024
0.3307
0.33116
0.33162
0.33208
0.33254
0.333
0.33346
0.33392
0.33438
0.33484
0.3353
0.33576
0.33622
0.33668
0.33714
0.3376
0.33806
0.33852
0.33898
0.33944
0.3399
0.34036
0.34082
0.34128
0.34174
0.3422
0.34266
0.34312
0.34358
0.34404
0.3445
0.34496
0.34542
0.34588
0.34634
0.3468
0.34726
0.34772
0.34818
0.34864
0.3491
0.34956
0.35002
0.35048
0.35094
0.3514
0.35186
0.35232
0.35278
0.35324
0.3537
0.35416
0.35462
0.35508
0.35554
0.356
0.35646
0.35692
0.35738
0.35784
0.3583
0.35876
0.35922
0.35968
0.36014
0.3606
0.36106
0.36152
0.36198
0.36244
0.3629
0.36336
0.36382
0.36428
0.36474
0.3652
0.36566
0.36612
0.36658
0.36704
0.3675
0.36796
0.36842
0.36888
0.36934
0.3698
0.37026
0.37072
0.37118
0.37164
0.3721
0.37256
0.37302
0.37348
0.37394
0.3744
0.37486
0.37532
0.37578
0.37624
0.3767
0.37716
0.37762
0.37808
0.37854
0.379
0.37946
0.37992
0.38038
0.38084
0.3813
0.38176
0.38222
0.38268
0.38314
0.3836
0.38406
0.38452
0.38498
0.38544
0.3859
0.38636
0.38682
0.38728
0.38774
0.3882
0.38866
0.38912
0.38958
0.39004
0.3905
0.39096
0.39142
0.39188
0.39234
0.3928
0.39326
0.39372
0.39418
0.39464
0.3951
0.39556
0.39602
0.39648
0.39694
0.3974
0.39786
0.39832
0.39878
0.39924
0.3997
0.40016
0.40062
0.40108
0.40154
0.402
0.40246
0.40292
0.40338
0.40384
0.4043
0.40476
0.40522
0.40568
0.40614
0.4066
0.40706
0.40752
0.40798
0.40844
0.4089
0.40936
0.40982
0.41028
0.41074
0.4112
0.41166
0.41212
0.41258
0.41304
0.4135
0.41396
0.41442
0.41488
0.41534
0.4158
0.41626
0.41672
0.41718
0.41764
0.4181
0.41856
0.41902
0.41948
0.41994
0.4204
0.42086
0.42132
0.42178
0.42224
0.4227
0.42316
0.42362
0.42408
0.42454
0.425
0.42546
0.42592
0.42638
0.42684
0.4273
0.42776
0.42822
0.42868
0.42914
0.4296
0.43006
0.43052
0.43098
0.43144
0.4319
0.43236
0.43282
0.43328
0.43374
0.4342
0.43466
0.43512
0.43558
0.43604
0.4365
0.43696
0.43742
0.43788
0.43834
0.4388
0.43926
0.43972
0.44018
0.44064
0.4411
0.44156
0.44202
0.44248
0.44294
0.4434
0.44386
0.44432
0.44478
0.44524
0.4457
0.44616
0.44662
0.44708
0.44754
0.448
0.44846
0.44892
0.44938
0.44984
0.4503
0.45076
0.45122
0.45168
0.45214
0.4526
0.45306
0.45352
0.45398
0.45444
0.4549
0.45536
0.45582
0.45628
0.45674
0.4572
0.45766
0.45812
0.45858
0.45904
0.4595
0.45996
0.46042
0.46088
0.46134
0.4618
0.46226
0.46272
0.46318
0.46364
0.4641
0.46456
0.46502
0.46548
0.46594
0.4664
0.46686
0.46732
0.46778
0.46824
0.4687
0.46916
0.46962
0.47008
0.47054
0.471
0.47146
0.47192
0.47238
0.47284
0.4733
0.47376
0.47422
0.47468
0.47514
0.4756
0.47606
0.47652
0.47698
0.47744
0.4779
0.47836
0.47882
0.47928
0.47974
0.4802
0.48066
0.48112
0.48158
0.48204
0.4825
0.48296
0.48342
0.48388
0.48434
0.4848
0.48526
0.48572
0.48618
0.48664
0.4871
0.48756
0.48802
0.48848
0.48894
0.4894
0.48986
0.49032
0.49078
0.49124
0.4917
0.49216
0.49262
0.49308
0.49354
0.494
0.49446
0.49492
0.49538
0.49584
0.4963
0.49676
0.49722
0.49768
0.49814
0.4986
0.49906
0.49952
0.49998
0.50044
0.5009
0.50136
0.50182
0.50228
0.50274
0.5032
0.50366
0.50412
0.50458
0.50504
0.5055
0.50596
0.50642
0.50688
0.50734
0.5078
0.50826
0.50872
0.50918
0.50964
0.5101
0.51056
0.51102
0.51148
0.51194
0.5124
0.51286
0.51332
0.51378
0.51424
0.5147
0.51516
0.51562
0.51608
0.51654
0.517
0.51746
0.51792
0.51838
0.51884
0.5193
0.51976
0.52022
0.52068
0.52114
0.5216
0.52206
0.52252
0.52298
0.52344
0.5239
0.52436
0.52482
0.52528
0.52574
0.5262
0.52666
0.52712
0.52758
0.52804
0.5285
0.52896
0.52942
0.52988
0.53034
0.5308
0.53126
0.53172
0.53218
0.53264
0.5331
0.53356
0.53402
0.53448
0.53494
0.5354
0.53586
0.53632
0.53678
0.53724
0.5377
0.53816
0.53862
0.53908
0.53954
0.54
0.54046
0.54092
0.54138
0.54184
0.5423
0.54276
0.54322
0.54368
0.54414
0.5446
0.54506
0.54552
0.54598
0.54644
0.5469
0.54736
0.54782
0.54828
0.54874
0.5492
0.54966
0.55012
0.55058
0.55104
0.5515
0.55196
0.55242
0.55288
0.55334
0.5538
0.55426
0.55472
0.55518
0.55564
0.5561
0.55656
0.55702
0.55748
0.55794
0.5584
0.55886
0.55932
0.55978
0.56024
0.5607
0.56116
0.56162
0.56208
0.56254
0.563
0.56346
0.56392
0.56438
0.56484
0.5653
0.56576
0.56622
0.56668
0.56714
0.5676
0.56806
0.56852
0.56898
0.56944
0.5699
0.57036
0.57082
0.57128
0.57174
0.5722
0.57266
0.57312
0.57358
0.57404
0.5745
0.57496
0.57542
0.57588
0.57634
0.5768
0.57726
0.57772
0.57818
0.57864
0.5791
0.57956
0.58002
0.58048
0.58094
0.5814
0.58186
0.58232
0.58278
0.58324
0.5837
0.58416
0.58462
0.58508
0.58554
0.586
0.58646
0.58692
0.58738
0.58784
0.5883
0.58876
0.58922
0.58968
0.59014
0.5906
0.59106
0.59152
0.59198
0.59244
0.5929
0.59336
0.59382
0.59428
0.59474
0.5952
0.59566
0.59612
0.59658
0.59704
0.5975
0.59796
0.59842
0.59888
0.59934
0.5998
0.60026
0.60072
0.60118
0.60164
0.6021
0.60256
0.60302
0.60348
0.60394
0.6044
0.60486
0.60532
0.60578
0.60624
0.6067
0.60716
0.60762
0.60808
0.60854
0.609
0.60946
0.60992
0.61038
0.61084
0.6113
0.61176
0.61222
0.61268
0.61314
0.6136
0.61406
0.61452
0.61498
0.61544
0.6159
0.61636
0.61682
0.61728
0.61774
0.6182
0.61866
0.61912
0.61958
0.62004
0.6205
0.62096
0.62142
0.62188
0.62234
0.6228
0.62326
0.62372
0.62418
0.62464
0.6251
0.62556
0.62602
0.62648
0.62694
0.6274
0.62786
0.62832
0.62878
0.62924
0.6297
0.63016
0.63062
0.63108
0.63154
0.632
0.63246
0.63292
0.63338
0.63384
0.6343
0.63476
0.63522
0.63568
0.63614
0.6366
0.63706
0.63752
0.63798
0.63844
0.6389
0.63936
0.63982
0.64028
0.64074
0.6412
0.64166
0.64212
0.64258
0.64304
0.6435
0.64396
0.64442
0.64488
0.64534
0.6458
0.64626
0.64672
0.64718
0.64764
0.6481
0.64856
0.64902
0.64948
0.64994
0.6504
0.65086
0.65132
0.65178
0.65224
0.6527
0.65316
0.65362
0.65408
0.65454
0.655
0.65546
0.65592
0.65638
0.65684
0.6573
0.65776
0.65822
0.65868
0.65914
0.6596
0.66006
0.66052
0.66098
0.66144
0.6619
0.66236
0.66282
0.66328
0.66374
0.6642
0.66466
0.66512
0.66558
0.66604
0.6665
0.66696
0.66742
0.66788
0.66834
0.6688
0.66926
0.66972
0.67018
0.67064
0.6711
0.67156
0.67202
0.67248
0.67294
0.6734
0.67386
0.67432
0.67478
0.67524
0.6757
0.67616
0.67662
0.67708
0.67754
0.678
0.67846
0.67892
0.67938
0.67984
0.6803
0.68076
0.68122
0.68168
0.68214
0.6826
0.68306
0.68352
0.68398
0.68444
0.6849
0.68536
0.68582
0.68628
0.68674
0.6872
0.68766
0.68812
0.68858
0.68904
0.6895
0.68996
0.69042
0.69088
0.69134
0.6918
0.69226
0.69272
0.69318
0.69364
0.6941
0.69456
0.69502
0.69548
0.69594
0.6964
0.69686
0.69732
0.69778
0.69824
0.6987
0.69916
0.69962
0.70008
0.70054
0.701
0.70146
0.70192
0.70238
0.70284
0.7033
0.70376
0.70422
0.70468
0.70514
0.7056
0.70606
0.70652
0.70698
0.70744
0.7079
0.70836
0.70882
0.70928
0.70974
0.7102
0.71066
0.71112
0.71158
0.71204
0.7125
0.71296
0.71342
0.71388
0.71434
0.7148
0.71526
0.71572
0.71618
0.71664
0.7171
0.71756
0.71802
0.71848
0.71894
0.7194
0.71986
0.72032
0.72078
0.72124
0.7217
0.72216
0.72262
0.72308
0.72354
0.724
0.72446
0.72492
0.72538
0.72584
0.7263
0.72676
0.72722
0.72768
0.72814
0.7286
0.72906
0.72952
0.72998
0.73044
0.7309
0.73136
0.73182
0.73228
0.73274
0.7332
0.73366
0.73412
0.73458
0.73504
0.7355
0.73596
0.73642
0.73688
0.73734
0.7378
0.73826
0.73872
0.73918
0.73964
0.7401
0.74056
0.74102
0.74148
0.74194
0.7424
0.74286
0.74332
0.74378
0.74424
0.7447
0.74516
0.74562
0.74608
0.74654
0.747
0.74746
0.74792
0.74838
0.74884
0.7493
0.74976
0.75022
0.75068
0.75114
0.7516
0.75206
0.75252
0.75298
0.75344
0.7539
0.75436
0.75482
0.75528
0.75574
0.7562
0.75666
0.75712
0.75758
0.75804
0.7585
0.75896
0.75942
0.75988
0.76034
0.7608
0.76126
0.76172
0.76218
0.76264
0.7631
0.76356
0.76402
0.76448
0.76494
0.7654
0.76586
0.76632
0.76678
0.76724
0.7677
0.76816
0.76862
0.76908
0.76954
0.77
0.77046
0.77092
0.77138
0.77184
0.7723
0.77276
0.77322
0.77368
0.77414
0.7746
0.77506
0.77552
0.77598
0.77644
0.7769
0.77736
0.77782
0.77828
0.77874
0.7792
0.77966
0.78012
0.78058
0.78104
0.7815
0.78196
0.78242
0.78288
0.78334
0.7838
0.78426
0.78472
0.78518
0.78564
0.7861
0.78656
0.78702
0.78748
0.78794
0.7884
0.78886
0.78932
0.78978
0.79024
0.7907
0.79116
0.79162
0.79208
0.79254
0.793
0.79346
0.79392
0.79438
0.79484
0.7953
0.79576
0.79622
0.79668
0.79714
0.7976
0.79806
0.79852
0.79898
0.79944
0.7999
0.80036
0.80082
0.80128
0.80174
0.8022
0.80266
0.80312
0.80358
0.80404
0.8045
0.80496
0.80542
0.80588
0.80634
0.8068
0.80726
0.80772
0.80818
0.80864
0.8091
0.80956
0.81002
0.81048
0.81094
0.8114
0.81186
0.81232
0.81278
0.81324
0.8137
0.81416
0.81462
0.81508
0.81554
0.816
0.81646
0.81692
0.81738
0.81784
0.8183
0.81876
0.81922
0.81968
0.82014
0.8206
0.82106
0.82152
0.82198
0.82244
0.8229
0.82336
0.82382
0.82428
0.82474
0.8252
0.82566
0.82612
0.82658
0.82704
0.8275
0.82796
0.82842
0.82888
0.82934
0.8298
0.83026
0.83072
0.83118
0.83164
0.8321
0.83256
0.83302
0.83348
0.83394
0.8344
0.83486
0.83532
0.83578
0.83624
0.8367
0.83716
0.83762
0.83808
0.83854
0.839
0.83946
0.83992
0.84038
0.84084
0.8413
0.84176
0.84222
0.84268
0.84314
0.8436
0.84406
0.84452
0.84498
0.84544
0.8459
0.84636
0.84682
0.84728
0.84774
0.8482
0.84866
0.84912
0.84958
0.85004
0.8505
0.85096
0.85142
0.85188
0.85234
0.8528
0.85326
0.85372
0.85418
0.85464
0.8551
0.85556
0.85602
0.85648
0.85694
0.8574
0.85786
0.85832
0.85878
0.85924
0.8597
0.86016
0.86062
0.86108
0.86154
0.862
0.86246
0.86292
0.86338
0.86384
0.8643
0.86476
0.86522
0.86568
0.86614
0.8666
0.86706
0.86752
0.86798
0.86844
0.8689
0.86936
0.86982
0.87028
0.87074
0.8712
0.87166
0.87212
0.87258
0.87304
0.8735
0.87396
0.87442
0.87488
0.87534
0.8758
0.87626
0.87672
0.87718
0.87764
0.8781
0.87856
0.87902
0.87948
0.87994
0.8804
0.88086
0.88132
0.88178
0.88224
0.8827
0.88316
0.88362
0.88408
0.88454
0.885
0.88546
0.88592
0.88638
0.88684
0.8873
0.88776
0.88822
0.88868
0.88914
0.8896
0.89006
0.89052
0.89098
0.89144
0.8919
0.89236
0.89282
0.89328
0.89374
0.8942
0.89466
0.89512
0.89558
0.89604
0.8965
0.89696
0.89742
0.89788
0.89834
0.8988
0.89926
0.89972
0.90018
0.90064
0.9011
0.90156
0.90202
0.90248
0.90294
0.9034
0.90386
0.90432
0.90478
0.90524
0.9057
0.90616
0.90662
0.90708
0.90754
0.908
0.90846
0.90892
0.90938
0.90984
0.9103
0.91076
0.91122
0.91168
0.91214
0.9126
0.91306
0.91352
0.91398
0.91444
0.9149
0.91536
0.91582
0.91628
0.91674
0.9172
0.91766
0.91812
0.91858
0.91904
0.9195
0.91996
0.92042
0.92088
0.92134
0.9218
0.92226
0.92272
0.92318
0.92364
0.9241
0.92456
0.92502
0.92548
0.92594
0.9264
0.92686
0.92732
0.92778
0.92824
0.9287
0.92916
0.92962
0.93008
0.93054
0.931
0.93146
0.93192
0.93238
0.93284
0.9333
0.93376
0.93422
0.93468
0.93514
0.9356
0.93606
0.93652
0.93698
0.93744
0.9379
0.93836
0.93882
0.93928
0.93974
0.9402
0.94066
0.94112
0.94158
0.94204
0.9425
0.94296
0.94342
0.94388
0.94434
0.9448
0.94526
0.94572
0.94618
0.94664
0.9471
0.94756
0.94802
0.94848
0.94894
0.9494
0.94986
0.95032
0.95078
0.95124
0.9517
0.95216
0.95262
0.95308
0.95354
0.954
0.95446
0.95492
0.95538
0.95584
0.9563
0.95676
0.95722
0.95768
0.95814
0.9586
0.95906
0.95952
0.95998
0.96044
0.9609
0.96136
0.96182
0.96228
0.96274
0.9632
0.96366
0.96412
0.96458
0.96504
0.9655
0.96596
0.96642
0.96688
0.96734
0.9678
0.96826
0.96872
0.96918
0.96964
0.9701
0.97056
0.97102
0.97148
0.97194
0.9724
0.97286
0.97332
0.97378
0.97424
0.9747
0.97516
0.97562
0.97608
0.97654
0.977
0.97746
0.97792
0.97838
0.97884
0.9793
0.97976
0.98022
0.98068
0.98114
0.9816
0.98206
0.98252
0.98298
0.98344
0.9839
0.98436
0.98482
0.98528
0.98574
0.9862
0.98666
0.98712
0.98758
0.98804
0.9885
0.98896
0.98942
0.98988
0.99034
0.9908
0.99126
0.99172
0.99218
0.99264
0.9931
0.99356
0.99402
0.99448
0.99494
0.9954
0.99586
0.99632
0.99678
0.99724
0.9977
0.99816
0.99862
0.99908
0.99954
1
1.009790437
1.028133761
1.046477085
1.064820408
1.083163732
1.101507055
1.12045586
1.139445948
1.158436035
1.177429563
1.19641965
1.215409738
1.234403265
1.253393353
1.27238344
1.291376968
1.310367055
1.329357143
1.348350671
1.367340758
1.386330845
1.405324373
1.424562157
1.444322857
1.464086997
1.483851137
1.503615277
1.523379417
1.543143557
1.562907697
1.582671837
1.602435977
1.622200117
1.641964257
1.661728397
1.681492536
1.701256676
1.721020816
1.740784956
1.760421808
1.780007055
1.799592303
1.819177551
1.838762799
1.858348047
1.877933294
1.897518542
1.91710379
1.936689038
1.956274286
1.975862974
1.995448222
2.015033469
2.034618717
2.054203965
2.073778892
2.093264373
2.112753294
2.132238776
2.151724257
2.171209738
2.190695219
2.21018414
2.229669621
2.249155102
2.268640583
2.288129504
2.307614985
2.327100466
2.346585948
2.366071429
2.38556035
2.404395627
2.422511895
2.440631603
2.458747872
2.47686414
2.494983848
2.513100117
2.531219825
2.549336093
2.567452362
2.58557207
2.603688338
2.621804606
2.639924315
2.658040583
2.676156851
2.69427656
2.711873353
2.72939102
2.746905248
2.764419475
2.781933703
2.79944793
2.816962157
2.834479825
2.851994052
2.86950828
2.887022507
2.904536735
2.922054402
2.93956863
2.957082857
2.974597085
2.992118192
3.009653061
3.02718793
3.044722799
3.062257668
3.079795977
3.097330845
3.114865714
3.132400583
3.149935452
3.167470321
3.18500863
3.202543499
3.220078367
3.237613236
3.255148105
3.272682974
3.288432362
3.303132478
3.317832595
3.332532711
3.347229388
3.361929504
3.376629621
3.391329738
3.406029854
3.420726531
3.435426647
3.450126764
3.46482688
3.479526997
3.494227114
3.50892379
3.523558542
3.533899883
3.544241224
3.554582566
3.564923907
3.575265248
3.585606589
3.59595137
3.606292711
3.616634052
3.626968513
3.637323615
3.647644315
3.657999417
3.668354519
3.678675219
3.689030321
3.696667638
3.700245481
3.703788921
3.707366764
3.710944606
3.714522449
3.718100292
3.721678134
3.725221574
3.728799417
3.732377259
3.735955102
3.739532945
3.743110787
3.74668863
3.75023207
3.753809913
3.756218076
3.758316618
3.76041516
3.7624793
3.764577843
3.766676385
3.768740525
3.770839067
3.772937609
3.775036152
3.777100292
3.779198834
3.781297376
3.783361516
3.785460058
3.787558601
3.789725948
3.792306122
3.7949207
3.797500875
3.80008105
3.802661224
3.805275802
3.807855977
3.810436152
3.813016327
3.815630904
3.818211079
3.820791254
3.823371429
3.825986006
3.828566181
3.831146356
3.833760933
3.836444315
3.839093294
3.841776676
3.844425656
3.847074636
3.849758017
3.852406997
3.855055977
3.857739359
3.860388338
3.86307172
3.8657207
3.868369679
3.871053061
3.873702041
3.87635102
3.879034402
3.881683382
3.884366764
3.887050146
3.889699125
3.892382507
3.895031487
3.897714869
3.900363848
3.90304723
3.90569621
3.908379592
3.911028571
3.913711953
3.916360933
3.919044315
3.921865306
3.925064723
3.92826414
3.931429155
3.934628571
3.937827988
3.940993003
3.94419242
3.947357434
3.950556851
3.953756268
3.956921283
3.9601207
3.963320117
3.966485131
3.969684548
3.972883965
3.976220991
3.979661224
3.983101458
3.986541691
3.989981924
3.993387755
3.996827988
4.000268222
4.003708455
4.007148688
4.010554519
4.013994752
4.017434985
4.020875219
4.024315452
4.027755685
4.031058309
4.033260058
4.035427405
4.037629155
4.039830904
4.042032653
4.0442
4.046401749
4.048603499
4.050805248
4.053006997
4.055174344
4.057376093
4.059577843
4.061779592
4.063946939
4.066148688
4.068178426
4.070001749
4.071859475
4.073682799
4.075506122
4.077363848
4.079187172
4.081010496
4.082833819
4.084691545
4.086514869
4.088338192
4.090195918
4.092019242
4.093842566
4.095700292
4.097523615
4.097076385
4.096250729
4.095425073
4.094599417
4.093808163
4.092982507
4.092156851
4.091365598
4.090539942
4.089714286
4.088923032
4.088097376
4.08727172
4.086480466
4.08565481
4.084829155
4.08476035
4.086927697
4.089095044
4.091262391
4.093429738
4.095597085
4.097764431
4.099931778
4.102099125
4.104266472
4.106433819
4.108601166
4.110768513
4.11293586
4.115068805
4.117236152
4.119403499
4.122534111
4.12621516
4.12989621
4.133577259
4.137258309
4.140939359
4.144620408
4.148301458
4.151982507
4.155663557
4.159344606
4.163025656
4.166706706
4.170387755
4.174068805
4.177749854
4.181430904
4.184527114
4.187657726
4.190753936
4.193850146
4.196980758
4.200076968
4.203173178
4.20630379
4.2094
4.21249621
4.21559242
4.218723032
4.221819242
4.224915452
4.228046064
4.231142274
4.234685714
4.238813994
4.242942274
4.247070554
4.251233236
4.255361516
4.259489796
4.263618076
4.267780758
4.271909038
4.276037318
4.280165598
4.28432828
4.28845656
4.29258484
4.29671312
4.300875802
4.304900875
4.30896035
4.312985423
4.317010496
4.321035569
4.325060641
4.329085714
4.333110787
4.33713586
4.341160933
4.345220408
4.349245481
4.353270554
4.357295627
4.3613207
4.365345773
4.369508455
4.374221574
4.378969096
4.383682216
4.388429738
4.393142857
4.397890379
4.402603499
4.40735102
4.41206414
4.416811662
4.421524781
4.426237901
4.430985423
4.435698542
4.440446064
4.445159184
4.450216327
4.455514286
4.460777843
4.466075802
4.471339359
4.476637318
4.481900875
4.487198834
4.492496793
4.49776035
4.503058309
4.508321866
4.513619825
4.518917784
4.524181341
4.5294793
4.534742857
4.53876793
4.542689796
4.546611662
4.55056793
4.554489796
4.558411662
4.56236793
4.566289796
4.570211662
4.57416793
4.578089796
4.582011662
4.58596793
4.589889796
4.593811662
4.597733528
4.601620991
4.605302041
4.609017493
4.612698542
4.616413994
4.620095044
4.623810496
4.627491545
4.631206997
4.634888047
4.638603499
4.642284548
4.646
4.64968105
4.653396501
4.657111953
4.660793003
4.664749271
4.668808746
4.672868222
4.676962099
4.681021574
4.68508105
4.689140525
4.6932
4.697259475
4.70131895
4.705378426
4.709437901
4.713531778
4.717591254
4.721650729
4.725710204
4.73021691
4.738542274
4.746833236
4.755158601
4.763483965
4.771809329
4.780134694
4.788425656
4.79675102
4.805076385
4.813401749
4.821692711
4.830018076
4.83834344
4.846668805
4.854994169
4.863285131
4.869683965
4.874087464
4.87845656
4.882860058
4.887229155
4.891632653
4.896001749
4.900405248
4.904774344
4.909177843
4.913546939
4.917950437
4.922319534
4.926723032
4.931092128
4.935495627
4.939864723
4.94351137
4.94705481
4.950563848
4.954107289
4.957616327
4.961159767
4.964668805
4.968212245
4.971721283
4.975264723
4.978773761
4.982317201
4.985860641
4.989369679
4.99291312
4.996422157
4.999036735
4.999105539
4.999174344
4.999243149
4.999277551
4.999346356
4.99941516
4.999483965
4.999518367
4.999587172
4.999655977
4.999690379
4.999759184
4.999827988
4.999896793
4.999931195
5
4.997557434
4.993704373
4.989851312
4.985998251
4.98214519
4.978326531
4.974473469
4.970620408
4.966767347
4.962948688
4.959095627
4.955242566
4.951389504
4.947570845
4.943717784
4.939864723
4.935942857
4.929027988
4.922147522
4.915232653
4.908352187
4.901437318
4.894556851
4.887641983
4.880761516
4.873846647
4.866966181
4.860051312
4.853170845
4.846255977
4.83937551
4.832460641
4.825580175
4.81739242
4.807484548
4.797542274
4.7876
4.777657726
4.767715452
4.757773178
4.747830904
4.73788863
4.727946356
4.718038484
4.70809621
4.698153936
4.688211662
4.678269388
4.668327114
4.65838484
4.646963265
4.635163265
4.623328863
4.611528863
4.599728863
4.587928863
4.576094461
4.564294461
4.552494461
4.540694461
4.528860058
4.517060058
4.505260058
4.493460058
4.481625656
4.469825656
4.458025656
4.446156851
4.434288047
4.42238484
4.410516035
4.39864723
4.386778426
4.374909621
4.363040816
4.351172012
4.339303207
4.327434402
4.315565598
4.303696793
4.291827988
4.279959184
4.268090379
4.255671137
4.242873469
4.230075802
4.217278134
4.204480466
4.191682799
4.178885131
4.166087464
4.153289796
4.140492128
4.127694461
4.114896793
4.102099125
4.089301458
4.07650379
4.063706122
4.050908455
4.035668222
4.020324781
4.005015743
3.989672303
3.974328863
3.958985423
3.943641983
3.928332945
3.912989504
3.897646064
3.882302624
3.866993586
3.851650146
3.836306706
3.820963265
3.805619825
3.789691545
3.772627988
3.755564431
3.738500875
3.721402915
3.704339359
3.687275802
3.670212245
3.653114286
3.636050729
3.618976851
3.601902974
3.584829096
3.567758659
3.550684781
3.533610904
3.516537026
3.500526181
3.484910962
3.469299184
3.453683965
3.438072187
3.422456968
3.406841749
3.391229971
3.375614752
3.360002974
3.344387755
3.328775977
3.313160758
3.297545539
3.281933761
3.266318542
3.250682682
3.23487137
3.219056618
3.203245306
3.187430554
3.171619242
3.15580449
3.139993178
3.124181866
3.108367114
3.092555802
3.07674105
3.060929738
3.045114985
3.029303673
3.013488921
2.997677609
2.983259592
2.97024863
2.957237668
2.944230146
2.931219184
2.918211662
2.9052007
2.892193178
2.879182216
2.866174694
2.853163732
2.84015277
2.827145248
2.814134286
2.801126764
2.788115802
2.77510828
2.762541108
2.75003242
2.737527172
2.725018484
2.712513236
2.700004548
2.6874993
2.674990612
2.662485364
2.649976676
2.637471429
2.624962741
2.612457493
2.599948805
2.587443557
2.574934869
2.563048863
2.552852012
2.542658601
2.53246519
2.522268338
2.512074927
2.501881516
2.491688105
2.481491254
2.471297843
2.461104431
2.45090758
2.440714169
2.430520758
2.420323907
2.410130496
2.399937085
2.391147289
2.383107464
2.375067638
2.367027813
2.358987988
2.350948163
2.342908338
2.334868513
2.326828688
2.318788863
2.310749038
2.302709213
2.294669388
2.286629563
2.278589738
2.270549913
2.262558251
2.255811953
2.249065656
2.242319359
2.235573061
2.228826764
2.222080466
2.215334169
2.208587872
2.201841574
2.195095277
2.18834898
2.181602682
2.174856385
2.168110087
2.16136379
2.154617493
2.148242741
2.142370262
2.136501224
2.130628746
2.124759708
2.11888723
2.113018192
2.107145714
2.101276676
2.095404198
2.08953516
2.083662682
2.077793644
2.071921166
2.066052128
2.06017965
2.054310612
2.048799359
2.043377551
2.037955743
2.032533936
2.027112128
2.021690321
2.016265073
2.010843265
2.005421458
1.99999965
1.994577843
1.989152595
1.983730787
1.97830898
1.972887172
1.967465364
1.962305015
1.958231778
1.954158542
1.950085306
1.94601207
1.941938834
1.937865598
1.933792362
1.929719125
1.925645889
1.921572653
1.917499417
1.913429621
1.909356385
1.905283149
1.901209913
1.897136676
1.893386822
1.889877784
1.886365306
1.882852828
1.87934379
1.875831312
1.872318834
1.868809796
1.865297318
1.86178484
1.858275802
1.854763324
1.851250845
1.847741808
1.844229329
1.840716851
1.837207813
1.833230904
1.829236793
1.825246122
1.821252012
1.817261341
1.81326723
1.80927656
1.805282449
1.801288338
1.797297668
1.793303557
1.789312886
1.785318776
1.781328105
1.777333994
1.773339883
1.769572828
1.766218601
1.762864373
1.759506706
1.756152478
1.752798251
1.749444023
1.746089796
1.742735569
1.739381341
1.736027114
1.732672886
1.729318659
1.725964431
1.722610204
1.719252536
1.715898309
1.712279184
1.708563732
1.70484484
1.701129388
1.697413936
1.693698484
1.689979592
1.68626414
1.682548688
1.678829796
1.675114344
1.671398892
1.66768344
1.663964548
1.660249096
1.656533644
1.653089971
1.651658834
1.650227697
1.6488
1.647368863
1.645937726
1.644506589
1.643075452
1.641644315
1.640216618
1.638785481
1.637354344
1.635923207
1.63449207
1.633060933
1.631633236
1.630202099
1.627752653
1.624305539
1.620854985
1.617407872
1.613960758
1.610513644
1.60706309
1.603615977
1.600168863
1.596721749
1.593271195
1.589824082
1.586376968
1.582929854
1.5794793
1.576032187
1.572585073
1.567789388
1.562825131
1.557860875
1.552896618
1.547935802
1.542971545
1.538007289
1.533043032
1.528078776
1.523117959
1.518153703
1.513189446
1.50822519
1.503264373
1.498300117
1.49333586
1.488337201
1.483245656
1.478154111
1.473062566
1.46797102
1.462879475
1.45778793
1.452696385
1.44760828
1.442516735
1.43742519
1.432333644
1.427242099
1.422150554
1.417059009
1.411967464
1.406875918
1.402799242
1.399245481
1.39569172
1.392137959
1.388584198
1.385030437
1.381476676
1.377922915
1.374369155
1.370815394
1.367261633
1.363707872
1.360154111
1.35660035
1.353046589
1.349492828
1.346083557
1.345677609
1.345271662
1.344869155
1.344463207
1.3440607
1.343654752
1.343252245
1.342846297
1.34244035
1.342037843
1.341631895
1.341229388
1.34082344
1.340420933
1.340014985
1.339612478
1.339175569
1.338697376
1.338219184
1.337740991
1.337262799
1.336784606
1.336306414
1.335828222
1.335350029
1.334871837
1.334393644
1.333915452
1.333437259
1.332959067
1.332480875
1.332002682
1.33152449
1.330898367
1.330237843
1.329577318
1.328920233
1.328259708
1.327599184
1.326938659
1.326281574
1.32562105
1.324960525
1.3243
1.323642915
1.322982391
1.322321866
1.321661341
1.321004257
1.320202682
1.31883691
1.317474577
1.316112245
1.314746472
1.31338414
1.312018367
1.310656035
1.309293703
1.30792793
1.306565598
1.305199825
1.303837493
1.30247516
1.301109388
1.299747055
1.298381283
1.295883673
1.29258449
1.289288746
1.285989563
1.282690379
1.279391195
1.276092012
1.272792828
1.269493644
1.266197901
1.262898717
1.259599534
1.25630035
1.253001166
1.249701983
1.246402799
1.243107055
1.240540641
1.237994869
1.235449096
1.232906764
1.230360991
1.227815219
1.225269446
1.222727114
1.220181341
1.217635569
1.215093236
1.212547464
1.210001691
1.207455918
1.204913586
1.202367813
1.19951242
1.196096268
1.192680117
1.189267405
1.185851254
1.182435102
1.17901895
1.175602799
1.172190087
1.168773936
1.165357784
1.161941633
1.158525481
1.15511277
1.151696618
1.148280466
1.144864315
1.142679767
1.140918367
1.139160408
1.137399009
1.13564105
1.13388309
1.132121691
1.130363732
1.128602332
1.126844373
1.125082974
1.123325015
1.121567055
1.119805656
1.118047697
1.116286297
1.114686589
1.114177434
1.11366828
1.113159125
1.112649971
1.112137376
1.111628222
1.111119067
1.110609913
1.110100758
1.109591603
1.109082449
1.108569854
1.1080607
1.107551545
1.107042391
1.106533236
1.105786706
1.10481656
1.103846414
1.102876268
1.101906122
1.100935977
1.099965831
1.098995685
1.098025539
1.097055394
1.096085248
1.095115102
1.094144956
1.09317481
1.092204665
1.091234519
1.090264373
1.08785965
1.085289796
1.082719942
1.080150087
1.077583673
1.075013819
1.072443965
1.069874111
1.067307697
1.064737843
1.062167988
1.059598134
1.05703172
1.054461866
1.051892012
1.049322157
1.046373878
1.042458892
1.038540466
1.034625481
1.030710496
1.02679551
1.022880525
1.018965539
1.015050554
1.011132128
1.007217143
1.003302157
1
0.99954
0.99908
0.99862
0.99816
0.9977
0.99724
0.99678
0.99632
0.99586
0.9954
0.99494
0.99448
0.99402
0.99356
0.9931
0.99264
0.99218
0.99172
0.99126
0.9908
0.99034
0.98988
0.98942
0.98896
0.9885
0.98804
0.98758
0.98712
0.98666
0.9862
0.98574
0.98528
0.98482
0.98436
0.9839
0.98344
0.98298
0.98252
0.98206
0.9816
0.98114
0.98068
0.98022
0.97976
0.9793
0.97884
0.97838
0.97792
0.97746
0.977
0.97654
0.97608
0.97562
0.97516
0.9747
0.97424
0.97378
0.97332
0.97286
0.9724
0.97194
0.97148
0.97102
0.97056
0.9701
0.96964
0.96918
0.96872
0.96826
0.9678
0.96734
0.96688
0.96642
0.96596
0.9655
0.96504
0.96458
0.96412
0.96366
0.9632
0.96274
0.96228
0.96182
0.96136
0.9609
0.96044
0.95998
0.95952
0.95906
0.9586
0.95814
0.95768
0.95722
0.95676
0.9563
0.95584
0.95538
0.95492
0.95446
0.954
0.95354
0.95308
0.95262
0.95216
0.9517
0.95124
0.95078
0.95032
0.94986
0.9494
0.94894
0.94848
0.94802
0.94756
0.9471
0.94664
0.94618
0.94572
0.94526
0.9448
0.94434
0.94388
0.94342
0.94296
0.9425
0.94204
0.94158
0.94112
0.94066
0.9402
0.93974
0.93928
0.93882
0.93836
0.9379
0.93744
0.93698
0.93652
0.93606
0.9356
0.93514
0.93468
0.93422
0.93376
0.9333
0.93284
0.93238
0.93192
0.93146
0.931
0.93054
0.93008
0.92962
0.92916
0.9287
0.92824
0.92778
0.92732
0.92686
0.9264
0.92594
0.92548
0.92502
0.92456
0.9241
0.92364
0.92318
0.92272
0.92226
0.9218
0.92134
0.92088
0.92042
0.91996
0.9195
0.91904
0.91858
0.91812
0.91766
0.9172
0.91674
0.91628
0.91582
0.91536
0.9149
0.91444
0.91398
0.91352
0.91306
0.9126
0.91214
0.91168
0.91122
0.91076
0.9103
0.90984
0.90938
0.90892
0.90846
0.908
0.90754
0.90708
0.90662
0.90616
0.9057
0.90524
0.90478
0.90432
0.90386
0.9034
0.90294
0.90248
0.90202
0.90156
0.9011
0.90064
0.90018
0.89972
0.89926
0.8988
0.89834
0.89788
0.89742
0.89696
0.8965
0.89604
0.89558
0.89512
0.89466
0.8942
0.89374
0.89328
0.89282
0.89236
0.8919
0.89144
0.89098
0.89052
0.89006
0.8896
0.88914
0.88868
0.88822
0.88776
0.8873
0.88684
0.88638
0.88592
0.88546
0.885
0.88454
0.88408
0.88362
0.88316
0.8827
0.88224
0.88178
0.88132
0.88086
0.8804
0.87994
0.87948
0.87902
0.87856
0.8781
0.87764
0.87718
0.87672
0.87626
0.8758
0.87534
0.87488
0.87442
0.87396
0.8735
0.87304
0.87258
0.87212
0.87166
0.8712
0.87074
0.87028
0.86982
0.86936
0.8689
0.86844
0.86798
0.86752
0.86706
0.8666
0.86614
0.86568
0.86522
0.86476
0.8643
0.86384
0.86338
0.86292
0.86246
0.862
0.86154
0.86108
0.86062
0.86016
0.8597
0.85924
0.85878
0.85832
0.85786
0.8574
0.85694
0.85648
0.85602
0.85556
0.8551
0.85464
0.85418
0.85372
0.85326
0.8528
0.85234
0.85188
0.85142
0.85096
0.8505
0.85004
0.84958
0.84912
0.84866
0.8482
0.84774
0.84728
0.84682
0.84636
0.8459
0.84544
0.84498
0.84452
0.84406
0.8436
0.84314
0.84268
0.84222
0.84176
0.8413
0.84084
0.84038
0.83992
0.83946
0.839
0.83854
0.83808
0.83762
0.83716
0.8367
0.83624
0.83578
0.83532
0.83486
0.8344
0.83394
0.83348
0.83302
0.83256
0.8321
0.83164
0.83118
0.83072
0.83026
0.8298
0.82934
0.82888
0.82842
0.82796
0.8275
0.82704
0.82658
0.82612
0.82566
0.8252
0.82474
0.82428
0.82382
0.82336
0.8229
0.82244
0.82198
0.82152
0.82106
0.8206
0.82014
0.81968
0.81922
0.81876
0.8183
0.81784
0.81738
0.81692
0.81646
0.816
0.81554
0.81508
0.81462
0.81416
0.8137
0.81324
0.81278
0.81232
0.81186
0.8114
0.81094
0.81048
0.81002
0.80956
0.8091
0.80864
0.80818
0.80772
0.80726
0.8068
0.80634
0.80588
0.80542
0.80496
0.8045
0.80404
0.80358
0.80312
0.80266
0.8022
0.80174
0.80128
0.80082
0.80036
0.7999
0.79944
0.79898
0.79852
0.79806
0.7976
0.79714
0.79668
0.79622
0.79576
0.7953
0.79484
0.79438
0.79392
0.79346
0.793
0.79254
0.79208
0.79162
0.79116
0.7907
0.79024
0.78978
0.78932
0.78886
0.7884
0.78794
0.78748
0.78702
0.78656
0.7861
0.78564
0.78518
0.78472
0.78426
0.7838
0.78334
0.78288
0.78242
0.78196
0.7815
0.78104
0.78058
0.78012
0.77966
0.7792
0.77874
0.77828
0.77782
0.77736
0.7769
0.77644
0.77598
0.77552
0.77506
0.7746
0.77414
0.77368
0.77322
0.77276
0.7723
0.77184
0.77138
0.77092
0.77046
0.77
0.76954
0.76908
0.76862
0.76816
0.7677
0.76724
0.76678
0.76632
0.76586
0.7654
0.76494
0.76448
0.76402
0.76356
0.7631
0.76264
0.76218
0.76172
0.76126
0.7608
0.76034
0.75988
0.75942
0.75896
0.7585
0.75804
0.75758
0.75712
0.75666
0.7562
0.75574
0.75528
0.75482
0.75436
0.7539
0.75344
0.75298
0.75252
0.75206
0.7516
0.75114
0.75068
0.75022
0.74976
0.7493
0.74884
0.74838
0.74792
0.74746
0.747
0.74654
0.74608
0.74562
0.74516
0.7447
0.74424
0.74378
0.74332
0.74286
0.7424
0.74194
0.74148
0.74102
0.74056
0.7401
0.73964
0.73918
0.73872
0.73826
0.7378
0.73734
0.73688
0.73642
0.73596
0.7355
0.73504
0.73458
0.73412
0.73366
0.7332
0.73274
0.73228
0.73182
0.73136
0.7309
0.73044
0.72998
0.72952
0.72906
0.7286
0.72814
0.72768
0.72722
0.72676
0.7263
0.72584
0.72538
0.72492
0.72446
0.724
0.72354
0.72308
0.72262
0.72216
0.7217
0.72124
0.72078
0.72032
0.71986
0.7194
0.71894
0.71848
0.71802
0.71756
0.7171
0.71664
0.71618
0.71572
0.71526
0.7148
0.71434
0.71388
0.71342
0.71296
0.7125
0.71204
0.71158
0.71112
0.71066
0.7102
0.70974
0.70928
0.70882
0.70836
0.7079
0.70744
0.70698
0.70652
0.70606
0.7056
0.70514
0.70468
0.70422
0.70376
0.7033
0.70284
0.70238
0.70192
0.70146
0.701
0.70054
0.70008
0.69962
0.69916
0.6987
0.69824
0.69778
0.69732
0.69686
0.6964
0.69594
0.69548
0.69502
0.69456
0.6941
0.69364
0.69318
0.69272
0.69226
0.6918
0.69134
0.69088
0.69042
0.68996
0.6895
0.68904
0.68858
0.68812
0.68766
0.6872
0.68674
0.68628
0.68582
0.68536
0.6849
0.68444
0.68398
0.68352
0.68306
0.6826
0.68214
0.68168
0.68122
0.68076
0.6803
0.67984
0.67938
0.67892
0.67846
0.678
0.67754
0.67708
0.67662
0.67616
0.6757
0.67524
0.67478
0.67432
0.67386
0.6734
0.67294
0.67248
0.67202
0.67156
0.6711
0.67064
0.67018
0.66972
0.66926
0.6688
0.66834
0.66788
0.66742
0.66696
0.6665
0.66604
0.66558
0.66512
0.66466
0.6642
0.66374
0.66328
0.66282
0.66236
0.6619
0.66144
0.66098
0.66052
0.66006
0.6596
0.65914
0.65868
0.65822
0.65776
0.6573
0.65684
0.65638
0.65592
0.65546
0.655
0.65454
0.65408
0.65362
0.65316
0.6527
0.65224
0.65178
0.65132
0.65086
0.6504
0.64994
0.64948
0.64902
0.64856
0.6481
0.64764
0.64718
0.64672
0.64626
0.6458
0.64534
0.64488
0.64442
0.64396
0.6435
0.64304
0.64258
0.64212
0.64166
0.6412
0.64074
0.64028
0.63982
0.63936
0.6389
0.63844
0.63798
0.63752
0.63706
0.6366
0.63614
0.63568
0.63522
0.63476
0.6343
0.63384
0.63338
0.63292
0.63246
0.632
0.63154
0.63108
0.63062
0.63016
0.6297
0.62924
0.62878
0.62832
0.62786
0.6274
0.62694
0.62648
0.62602
0.62556
0.6251
0.62464
0.62418
0.62372
0.62326
0.6228
0.62234
0.62188
0.62142
0.62096
0.6205
0.62004
0.61958
0.61912
0.61866
0.6182
0.61774
0.61728
0.61682
0.61636
0.6159
0.61544
0.61498
0.61452
0.61406
0.6136
0.61314
0.61268
0.61222
0.61176
0.6113
0.61084
0.61038
0.60992
0.60946
0.609
0.60854
0.60808
0.60762
0.60716
0.6067
0.60624
0.60578
0.60532
0.60486
0.6044
0.60394
0.60348
0.60302
0.60256
0.6021
0.60164
0.60118
0.60072
0.60026
0.5998
0.59934
0.59888
0.59842
0.59796
0.5975
0.59704
0.59658
0.59612
0.59566
0.5952
0.59474
0.59428
0.59382
0.59336
0.5929
0.59244
0.59198
0.59152
0.59106
0.5906
0.59014
0.58968
0.58922
0.58876
0.5883
0.58784
0.58738
0.58692
0.58646
0.586
0.58554
0.58508
0.58462
0.58416
0.5837
0.58324
0.58278
0.58232
0.58186
0.5814
0.58094
0.58048
0.58002
0.57956
0.5791
0.57864
0.57818
0.57772
0.57726
0.5768
0.57634
0.57588
0.57542
0.57496
0.5745
0.57404
0.57358
0.57312
0.57266
0.5722
0.57174
0.57128
0.57082
0.57036
0.5699
0.56944
0.56898
0.56852
0.56806
0.5676
0.56714
0.56668
0.56622
0.56576
0.5653
0.56484
0.56438
0.56392
0.56346
0.563
0.56254
0.56208
0.56162
0.56116
0.5607
0.56024
0.55978
0.55932
0.55886
0.5584
0.55794
0.55748
0.55702
0.55656
0.5561
0.55564
0.55518
0.55472
0.55426
0.5538
0.55334
0.55288
0.55242
0.55196
0.5515
0.55104
0.55058
0.55012
0.54966
0.5492
0.54874
0.54828
0.54782
0.54736
0.5469
0.54644
0.54598
0.54552
0.54506
0.5446
0.54414
0.54368
0.54322
0.54276
0.5423
0.54184
0.54138
0.54092
0.54046
0.54
0.53954
0.53908
0.53862
0.53816
0.5377
0.53724
0.53678
0.53632
0.53586
0.5354
0.53494
0.53448
0.53402
0.53356
0.5331
0.53264
0.53218
0.53172
0.53126
0.5308
0.53034
0.52988
0.52942
0.52896
0.5285
0.52804
0.52758
0.52712
0.52666
0.5262
0.52574
0.52528
0.52482
0.52436
0.5239
0.52344
0.52298
0.52252
0.52206
0.5216
0.52114
0.52068
0.52022
0.51976
0.5193
0.51884
0.51838
0.51792
0.51746
0.517
0.51654
0.51608
0.51562
0.51516
0.5147
0.51424
0.51378
0.51332
0.51286
0.5124
0.51194
0.51148
0.51102
0.51056
0.5101
0.50964
0.50918
0.50872
0.50826
0.5078
0.50734
0.50688
0.50642
0.50596
0.5055
0.50504
0.50458
0.50412
0.50366
0.5032
0.50274
0.50228
0.50182
0.50136
0.5009
0.50044
0.49998
0.49952
0.49906
0.4986
0.49814
0.49768
0.49722
0.49676
0.4963
0.49584
0.49538
0.49492
0.49446
0.494
0.49354
0.49308
0.49262
0.49216
0.4917
0.49124
0.49078
0.49032
0.48986
0.4894
0.48894
0.48848
0.48802
0.48756
0.4871
0.48664
0.48618
0.48572
0.48526
0.4848
0.48434
0.48388
0.48342
0.48296
0.4825
0.48204
0.48158
0.48112
0.48066
0.4802
0.47974
0.47928
0.47882
0.47836
0.4779
0.47744
0.47698
0.47652
0.47606
0.4756
0.47514
0.47468
0.47422
0.47376
0.4733
0.47284
0.47238
0.47192
0.47146
0.471
0.47054
0.47008
0.46962
0.46916
0.4687
0.46824
0.46778
0.46732
0.46686
0.4664
0.46594
0.46548
0.46502
0.46456
0.4641
0.46364
0.46318
0.46272
0.46226
0.4618
0.46134
0.46088
0.46042
0.45996
0.4595
0.45904
0.45858
0.45812
0.45766
0.4572
0.45674
0.45628
0.45582
0.45536
0.4549
0.45444
0.45398
0.45352
0.45306
0.4526
0.45214
0.45168
0.45122
0.45076
0.4503
0.44984
0.44938
0.44892
0.44846
0.448
0.44754
0.44708
0.44662
0.44616
0.4457
0.44524
0.44478
0.44432
0.44386
0.4434
0.44294
0.44248
0.44202
0.44156
0.4411
0.44064
0.44018
0.43972
0.43926
0.4388
0.43834
0.43788
0.43742
0.43696
0.4365
0.43604
0.43558
0.43512
0.43466
0.4342
0.43374
0.43328
0.43282
0.43236
0.4319
0.43144
0.43098
0.43052
0.43006
0.4296
0.42914
0.42868
0.42822
0.42776
0.4273
0.42684
0.42638
0.42592
0.42546
0.425
0.42454
0.42408
0.42362
0.42316
0.4227
0.42224
0.42178
0.42132
0.42086
0.4204
0.41994
0.41948
0.41902
0.41856
0.4181
0.41764
0.41718
0.41672
0.41626
0.4158
0.41534
0.41488
0.41442
0.41396
0.4135
0.41304
0.41258
0.41212
0.41166
0.4112
0.41074
0.41028
0.40982
0.40936
0.4089
0.40844
0.40798
0.40752
0.40706
0.4066
0.40614
0.40568
0.40522
0.40476
0.4043
0.40384
0.40338
0.40292
0.40246
0.402
0.40154
0.40108
0.40062
0.40016
0.3997
0.39924
0.39878
0.39832
0.39786
0.3974
0.39694
0.39648
0.39602
0.39556
0.3951
0.39464
0.39418
0.39372
0.39326
0.3928
0.39234
0.39188
0.39142
0.39096
0.3905
0.39004
0.38958
0.38912
0.38866
0.3882
0.38774
0.38728
0.38682
0.38636
0.3859
0.38544
0.38498
0.38452
0.38406
0.3836
0.38314
0.38268
0.38222
0.38176
0.3813
0.38084
0.38038
0.37992
0.37946
0.379
0.37854
0.37808
0.37762
0.37716
0.3767
0.37624
0.37578
0.37532
0.37486
0.3744
0.37394
0.37348
0.37302
0.37256
0.3721
0.37164
0.37118
0.37072
0.37026
0.3698
0.36934
0.36888
0.36842
0.36796
0.3675
0.36704
0.36658
0.36612
0.36566
0.3652
0.36474
0.36428
0.36382
0.36336
0.3629
0.36244
0.36198
0.36152
0.36106
0.3606
0.36014
0.35968
0.35922
0.35876
0.3583
0.35784
0.35738
0.35692
0.35646
0.356
0.35554
0.35508
0.35462
0.35416
0.3537
0.35324
0.35278
0.35232
0.35186
0.3514
0.35094
0.35048
0.35002
0.34956
0.3491
0.34864
0.34818
0.34772
0.34726
0.3468
0.34634
0.34588
0.34542
0.34496
0.3445
0.34404
0.34358
0.34312
0.34266
0.3422
0.34174
0.34128
0.34082
0.34036
0.3399
0.33944
0.33898
0.33852
0.33806
0.3376
0.33714
0.33668
0.33622
0.33576
0.3353
0.33484
0.33438
0.33392
0.33346
0.333
0.33254
0.33208
0.33162
0.33116
0.3307
0.33024
0.32978
0.32932
0.32886
0.3284
0.32794
0.32748
0.32702
0.32656
0.3261
0.32564
0.32518
0.32472
0.32426
0.3238
0.32334
0.32288
0.32242
0.32196
0.3215
0.32104
0.32058
0.32012
0.31966
0.3192
0.31874
0.31828
0.31782
0.31736
0.3169
0.31644
0.31598
0.31552
0.31506
0.3146
0.31414
0.31368
0.31322
0.31276
0.3123
0.31184
0.31138
0.31092
0.31046
0.31
0.31
0.31
0.31
0.31
0.31
0.31
0.31
0.31
0.31
0.31
0.31
0.31
0.31
0.31
0.31
0.31
0.31
0.31
0.31
0.31
0.31
0.31
0.31
0.31
0.31
0.31
0.31
0.31
0.31
0.31
0.31
0.31
0.31
0.31
0.31
0.31
0.31
0.31
0.31
0.31
0.31
0.31
0.31
0.31
0.31
0.31
0.31
0.31
0.31
0.31
0.31
0.31
0.31
0.31
0.31
0.31
0.31
0.31
0.31
0.31
0.31
0.31
0.31
0.31
0.31
0.31
0.31
0.31
0.31
0.31
0.31
0.31
0.31
0.31
0.31
0.31
0.31
0.31
0.31
0.31
0.31
0.31
0.31
0.31
0.31
0.31
0.31
0.31
0.31
0.31
0.31
0.31
0.31
0.31
0.31
0.31
0.31
0.31
0.31
0.31
0.31
0.31
0.31
0.31
0.31
0.31
0.31
0.31
0.31
0.31
0.31
0.31
0.31
0.31
0.31
0.31
0.31
0.31
0.31
0.31
0.31
0.31
0.31
0.31
0.31
0.31
0.31
0.31
0.31
0.31
0.31
0.31
0.31
0.31
0.31
0.31
0.31
0.31
0.31
0.31
0.31
0.31
0.31
0.31
0.31
0.31
0.31
0.31
0.31
0.31
0.31
0.31
0.31
0.31
0.31
0.31
0.31
0.31
0.31
0.31
0.31
0.31
0.31
0.31
0.31
0.31
0.31
0.31
0.31
0.31
0.31
0.31
0.31
0.31
0.31
0.31
0.31
0.31
0.31
0.31
0.31
0.31
0.31
0.31
0.31
0.31
0.31
0.31
0.31
0.31
0.31
0.31
0.31
0.31
0.31
0.31
0.31
0.31
0.31
0.31
0.31
0.31
0.31
0.31
0.31
0.31
0.31
0.31
0.31
0.31
0.31
0.31
0.31
0.31
0.31
0.31
0.31
0.31
0.31
0.31
0.31
0.31
0.31
0.31
0.31
0.31
0.31
0.31
0.31
0.31
0.31
0.31
0.31
0.31
0.31
0.31
0.31
0.31
0.31
0.31
0.31
0.31
0.31
0.31
0.31
0.31
0.31
0.31
0.31
0.31
0.31
0.31
0.31
0.31
0.31
0.31
0.31
0.31
0.31
0.31
0.31
0.31
0.31
0.31
0.31
0.31
0.31
0.31
0.31
0.31
0.31
0.31
0.31
0.31
0.31
0.31
0.31
0.31
0.31
0.31
0.31
0.31
0.31
0.31
0.31
0.31
0.31
0.31
0.31
0.31
0.31
0.31
0.31
0.31
0.31
0.31
0.31
0.31
0.31
0.31
0.31
0.31
0.31
0.31
0.31
0.31
0.31
0.31
0.31
0.31
0.31
0.31
0.31
0.31
0.31
0.31
0.31
0.31
0.31
0.31
0.31
0.31
0.31
0.31
0.31
0.31
0.31
0.31
0.31
0.31
0.31
0.31
0.31
0.31
0.31
0.31
0.31
0.31
0.31
0.31
0.31
0.31
0.31
0.31
0.31
0.31
0.31
0.31
0.31
0.31
0.31
0.31
0.31
0.31
0.31
0.31
0.31
0.31
0.31
0.31
0.31
0.31
0.31
0.31
0.31
0.31
0.31
0.31
0.31
0.31
0.31
0.31
0.31
0.31
0.31
0.31
0.31
0.31
0.31
0.31
0.31
0.31
0.31
0.31
0.31
0.31
0.31
0.31
0.31
0.31
0.31
0.31
0.31
0.31
0.31
0.31
0.31
0.31
0.31
0.31
0.31
0.31
0.31
0.31
0.31
0.31
0.31
0.31
0.31
0.31
0.31
0.31
0.31
0.31
0.31
0.31
0.31
0.31
0.31
0.31
0.31
0.31
0.31
0.31
0.31
0.31
0.31
0.31
0.31
0.31
0.31
0.31
0.31
0.31
0.31
0.31
0.31
0.31
0.31
0.31
0.31
0.31
0.31
0.31
0.31
0.31
0.31
0.31
0.31
0.31
0.31
0.31
0.31
0.31
0.31
0.31
0.31
0.31
0.31
0.31
0.31
0.31
0.31
0.31
0.31
0.31
0.31
0.31
0.31
0.31
0.31
0.31
0.31
0.31
0.31
0.31
0.31
0.31
0.31
0.31
0.31
0.31
0.31
0.31
0.31
0.31
0.31
0.31
0.31
0.31
0.31
0.31
0.31
0.31
0.31
0.31
0.31
0.31
0.31
0.31
0.31
0.31
0.31
0.31
0.31
0.31
0.31
0.31
0.31
0.31
0.31
0.31
0.31
0.31
0.31
0.31
0.31
0.31
0.31
0.31
0.31
0.31
0.31
0.31
0.31
0.31
0.31
0.31
0.31
0.31
0.31
0.31
0.31
0.31
0.31
0.31
0.31
0.31
0.31
0.31
0.31
0.31
0.31
0.31
0.31
0.31
0.31
0.31
0.31
0.31
0.31
0.31
0.31
0.31
0.31
0.31
0.31
0.31
0.31
0.31
0.31
0.31
0.31
0.31
0.31
0.31
0.31
0.31
0.31
0.31
0.31
0.31
0.31
0.31
0.31
0.31
0.31
0.31
0.31
0.31
0.31
0.31
0.31
0.31
0.31
0.31
0.31
0.31
0.31
0.31
0.31
0.31
0.31
0.31
0.31
0.31
0.31
0.31
0.31
0.31
0.31
0.31
0.31
0.31
0.31
0.31
0.31
0.31
0.31
0.31
0.31
0.31
0.31
0.31
0.31
0.31
0.31
0.31
0.31
0.31
0.31
0.31
0.31
0.31
0.31
0.31
0.31
0.31
0.31
0.31
0.31
0.31
0.31
0.31
0.31
0.31
0.31
0.31
0.31
0.31
0.31
0.31
0.31
0.31
0.31
0.31
0.31
0.31
0.31
0.31
0.31
0.31
0.31
0.31
0.31
0.31
0.31
0.31
0.31
0.31
0.31
0.31
0.31
0.31
0.31
0.31
0.31
0.31
0.31
0.31
0.31
0.31
0.31
0.31
0.31
0.31
0.31
0.31
0.31
0.31
0.31
0.31
0.31
0.31
0.31
0.31
0.31
0.31
0.31
0.31
0.31
0.31
0.31
0.31
0.31
0.31
0.31
0.31
0.31
0.31
0.31
0.31
0.31
0.31
0.31
0.31
0.31
0.31
0.31
0.31
0.31
0.31
0.31
0.31
0.31
0.31
0.31
0.31
0.31
0.31
0.31
0.31
0.31
0.31
0.31
0.31
0.31
0.31
0.31
0.31
0.31
0.31
0.31
0.31
0.31
0.31
0.31
0.31
0.31
0.31
0.31
0.31
0.31
0.31
0.31
0.31
0.31
0.31
0.31
0.31
0.31
0.31
0.31
0.31
0.31
0.31
0.31
0.31
0.31
0.31
0.31
0.31
0.31
0.31
0.31
0.31
0.31
0.31
0.31
0.31
0.31
0.31
0.31
0.31
0.31
0.31
0.31
0.31
0.31
0.31
0.31
0.31
0.31
0.31
0.31
0.31
0.31
0.31
0.31
0.31
0.31
0.31
0.31
0.31
0.31
0.31
0.31
0.31
0.31
0.31
0.31
0.31
0.31
0.31
0.31
0.31
0.31
0.31
0.31
0.31
0.31
0.31
0.31
0.31
0.31
0.31
0.31
0.31
0.31
0.31
0.31
0.31
0.31
0.31
0.31
0.31
0.31
0.31
0.31
0.31
0.31
0.31
0.31
0.31
0.31
0.31
0.31
0.31
0.31
0.31
0.31
0.31
0.31
0.31
0.31
0.31
0.31
0.31
0.31
0.31
0.31
0.31
0.31
0.31
0.31
0.31
0.31
0.31
0.31
0.31
0.31
0.31
0.31
0.31
0.31
0.31
0.31
0.31
0.31
0.31
0.31
0.31
0.31
0.31
0.31
0.31
0.31
0.31
0.31
0.31
0.31
0.31
0.31
0.31
0.31
0.31
0.31
0.31
0.31
0.31
0.31
0.31
0.31
0.31
0.31
0.31
0.31
0.31
0.31
0.31
0.31
0.31
0.31
0.31
0.31
0.31
0.31
0.31
0.31
0.31
0.31
0.31
0.31
0.31
0.31
0.31
0.31
0.31
0.31
0.31
0.31
0.31
0.31
0.31
0.31
0.31
0.31
0.31
0.31
0.31
0.31
0.31
0.31
0.31
0.31
0.31
0.31
0.31
0.31
0.31
0.31
0.31
0.31
0.31
0.31
0.31
0.31
0.31
0.31
0.31
0.31
0.31
0.31
0.31
0.31
0.31
0.31
0.31
0.31
0.31
0.31
0.31
0.31
0.31
0.31
0.31
0.31
0.31
0.31
0.31
0.31
0.31
0.31
0.31
0.31
0.31
0.31
0.31
0.31
0.31
0.31
0.31
0.31
0.31
0.31
0.31
0.31
0.31
0.31
0.31
0.31
0.31
0.31
0.31
0.31
0.31
0.31
0.31
0.31
0.31
0.31
0.31
0.31
0.31
0.31
0.31
0.31
0.31
0.31
0.31
0.31
0.31
0.31
0.31
0.31
0.31
0.31
0.31
0.31
0.31
0.31
0.31
0.31
0.31
0.31
0.31
0.31
0.31
0.31
0.31
0.31
0.31
0.31
0.31
0.31
0.31
0.31
0.31
0.31
0.31
0.31
0.31
0.31
0.31
0.31
0.31
0.31
0.31
0.31
0.31
0.31
0.31
0.31
0.31
0.31
0.31
0.31
0.31
0.31
0.31
0.31
0.31
0.31
0.31
0.31
0.31
0.31
0.31
0.31
0.31
0.31
0.31
0.31
0.31
0.31
0.31
0.31
0.31
0.31
0.31
0.31
0.31
0.31
0.31
0.31
0.31
0.31
0.31
0.31
0.31
0.31
0.31
0.31
0.31
0.31
0.31
0.31
0.31
0.31
0.31
0.31
0.31
0.31
0.31
0.31
0.31
0.31
0.31
0.31
0.31
0.31
0.31
0.31
0.31
0.31
0.31
0.31
0.31
0.31
0.31
0.31
0.31
0.31
0.31
0.31
0.31
0.31
0.31
0.31
0.31
0.31
0.31
0.31
0.31
0.31
0.31
0.31
0.31
0.31
0.31
0.31
0.31
0.31
0.31
0.31
0.31
0.31
0.31
0.31
0.31
0.31
0.31
0.31
0.31
0.31
0.31
0.31
0.31
0.31
0.31
0.31
0.31
0.31
0.31
0.31
0.31
0.31
0.31
0.31
0.31
0.31
0.31
0.31
0.31
0.31
0.31
0.31
0.31
0.31
0.31
0.31
0.31
0.31
0.31
0.31
0.31
0.31
0.31
0.31
0.31
0.31
0.31
0.31
0.31
0.31
0.31
0.31
0.31
0.31
0.31
0.31
0.31
0.31
0.31
0.31
0.31
0.31
0.31
0.31
0.31
0.31
0.31
0.31
0.31
0.31
0.31
0.31
0.31
0.31
0.31
0.31
0.31
0.31
0.31
0.31
0.31
0.31
0.31
0.31
0.31
0.31
0.31
0.31
0.31
0.31
0.31
0.31
0.31
0.31
0.31
0.31
0.31
0.31
0.31
0.31
0.31
0.31
0.31
0.31
0.31
0.31
0.31
0.31
0.31
0.31
0.31
0.31
0.31
0.31
0.31
0.31
0.31
0.31
0.31
0.31
0.31
0.31
0.31
0.31
0.31
0.31
0.31
0.31
0.31
0.31
0.31
0.31
0.31
0.31
0.31
0.31
0.31
0.31
0.31
0.31
0.31
0.31
0.31
0.31
0.31
0.31
0.31
0.31
0.31
0.31
0.31
0.31
0.31
0.31
0.31
0.31
0.31
0.31
0.31
0.31
0.31
0.31
0.31
0.31
0.31
0.31
0.31
0.31
0.31
0.31
0.31
0.31
0.31
0.31
0.31
0.31
0.31
0.31
0.31
0.31
0.31
0.31
0.31
0.31
0.31
0.31
0.31
0.31
0.31
0.31
0.31
0.31
0.31
0.31
0.31
0.31
0.31
0.31
0.31
0.31
0.31
0.31
0.31
0.31
0.31
0.31
0.31
0.31
0.31
0.31
0.31
0.31
0.31
0.31
0.31
0.31
0.31
0.31
0.31
0.31
0.31
0.31
0.31
0.31
0.31
0.31
0.31
0.31
0.31
0.31
0.31
0.31
0.31
0.31
0.31
0.31
0.31
0.31
0.31
0.31
0.31
0.31
0.31
0.31
0.31
0.31
0.31
0.31
0.31
0.31
0.31
0.31
0.31
0.31
0.31
0.31
0.31
0.31
0.31
0.31
0.31
0.31
0.31
0.31
0.31
0.31
0.31
0.31
0.31
0.31
0.31
0.31
0.31
0.31
0.31
0.31
0.31
0.31
0.31
0.31
0.31
0.31
0.31
0.31
0.31
0.31
0.31
0.31
0.31
0.31
0.31
0.31
0.31
0.31
0.31
0.31
0.31
0.31
0.31
0.31
0.31
0.31
0.31
0.31
0.31
0.31
0.31
0.31
0.31
0.31
0.31
0.31
0.31
0.31
0.31
0.31
0.31
0.31
0.31
0.31
0.31
0.31
0.31
0.31
0.31
0.31
0.31
0.31
0.31
0.31
0.31
0.31
0.31
0.31
0.31
0.31
0.31
0.31
0.31
0.31
0.31
0.31
0.31
0.31
0.31
0.31
0.31
0.31
0.31
0.31
0.31
0.31
0.31
0.31
0.31
0.30994
0.30988
0.30982
0.30976
0.3097
0.30964
0.30958
0.30952
0.30946
0.3094
0.30934
0.30928
0.30922
0.30916
0.3091
0.30904
0.30898
0.30892
0.30886
0.3088
0.30874
0.30868
0.30862
0.30856
0.3085
0.30844
0.30838
0.30832
0.30826
0.3082
0.30814
0.30808
0.30802
0.30796
0.3079
0.30784
0.30778
0.30772
0.30766
0.3076
0.30754
0.30748
0.30742
0.30736
0.3073
0.30724
0.30718
0.30712
0.30706
0.307
0.30694
0.30688
0.30682
0.30676
0.3067
0.30664
0.30658
0.30652
0.30646
0.3064
0.30634
0.30628
0.30622
0.30616
0.3061
0.30604
0.30598
0.30592
0.30586
0.3058
0.30574
0.30568
0.30562
0.30556
0.3055
0.30544
0.30538
0.30532
0.30526
0.3052
0.30514
0.30508
0.30502
0.30496
0.3049
0.30484
0.30478
0.30472
0.30466
0.3046
0.30454
0.30448
0.30442
0.30436
0.3043
0.30424
0.30418
0.30412
0.30406
0.304
0.30394
0.30388
0.30382
0.30376
0.3037
0.30364
0.30358
0.30352
0.30346
0.3034
0.30334
0.30328
0.30322
0.30316
0.3031
0.30304
0.30298
0.30292
0.30286
0.3028
0.30274
0.30268
0.30262
0.30256
0.3025
0.30244
0.30238
0.30232
0.30226
0.3022
0.30214
0.30208
0.30202
0.30196
0.3019
0.30184
0.30178
0.30172
0.30166
0.3016
0.30154
0.30148
0.30142
0.30136
0.3013
0.30124
0.30118
0.30112
0.30106
0.301
0.30094
0.30088
0.30082
0.30076
0.3007
0.30064
0.30058
0.30052
0.30046
0.3004
0.30034
0.30028
0.30022
0.30016
0.3001
0.30004
0.29998
0.29992
0.29986
0.2998
0.29974
0.29968
0.29962
0.29956
0.2995
0.29944
0.29938
0.29932
0.29926
0.2992
0.29914
0.29908
0.29902
0.29896
0.2989
0.29884
0.29878
0.29872
0.29866
0.2986
0.29854
0.29848
0.29842
0.29836
0.2983
0.29824
0.29818
0.29812
0.29806
0.298
0.29794
0.29788
0.29782
0.29776
0.2977
0.29764
0.29758
0.29752
0.29746
0.2974
0.29734
0.29728
0.29722
0.29716
0.2971
0.29704
0.29698
0.29692
0.29686
0.2968
0.29674
0.29668
0.29662
0.29656
0.2965
0.29644
0.29638
0.29632
0.29626
0.2962
0.29614
0.29608
0.29602
0.29596
0.2959
0.29584
0.29578
0.29572
0.29566
0.2956
0.29554
0.29548
0.29542
0.29536
0.2953
0.29524
0.29518
0.29512
0.29506
0.295
0.29494
0.29488
0.29482
0.29476
0.2947
0.29464
0.29458
0.29452
0.29446
0.2944
0.29434
0.29428
0.29422
0.29416
0.2941
0.29404
0.29398
0.29392
0.29386
0.2938
0.29374
0.29368
0.29362
0.29356
0.2935
0.29344
0.29338
0.29332
0.29326
0.2932
0.29314
0.29308
0.29302
0.29296
0.2929
0.29284
0.29278
0.29272
0.29266
0.2926
0.29254
0.29248
0.29242
0.29236
0.2923
0.29224
0.29218
0.29212
0.29206
0.292
0.29194
0.29188
0.29182
0.29176
0.2917
0.29164
0.29158
0.29152
0.29146
0.2914
0.29134
0.29128
0.29122
0.29116
0.2911
0.29104
0.29098
0.29092
0.29086
0.2908
0.29074
0.29068
0.29062
0.29056
0.2905
0.29044
0.29038
0.29032
0.29026
0.2902
0.29014
0.29008
0.29002
0.28996
0.2899
0.28984
0.28978
0.28972
0.28966
0.2896
0.28954
0.28948
0.28942
0.28936
0.2893
0.28924
0.28918
0.28912
0.28906
0.289
0.28894
0.28888
0.28882
0.28876
0.2887
0.28864
0.28858
0.28852
0.28846
0.2884
0.28834
0.28828
0.28822
0.28816
0.2881
0.28804
0.28798
0.28792
0.28786
0.2878
0.28774
0.28768
0.28762
0.28756
0.2875
0.28744
0.28738
0.28732
0.28726
0.2872
0.28714
0.28708
0.28702
0.28696
0.2869
0.28684
0.28678
0.28672
0.28666
0.2866
0.28654
0.28648
0.28642
0.28636
0.2863
0.28624
0.28618
0.28612
0.28606
0.286
0.28594
0.28588
0.28582
0.28576
0.2857
0.28564
0.28558
0.28552
0.28546
0.2854
0.28534
0.28528
0.28522
0.28516
0.2851
0.28504
0.28498
0.28492
0.28486
0.2848
0.28474
0.28468
0.28462
0.28456
0.2845
0.28444
0.28438
0.28432
0.28426
0.2842
0.28414
0.28408
0.28402
0.28396
0.2839
0.28384
0.28378
0.28372
0.28366
0.2836
0.28354
0.28348
0.28342
0.28336
0.2833
0.28324
0.28318
0.28312
0.28306
0.283
0.28294
0.28288
0.28282
0.28276
0.2827
0.28264
0.28258
0.28252
0.28246
0.2824
0.28234
0.28228
0.28222
0.28216
0.2821
0.28204
0.28198
0.28192
0.28186
0.2818
0.28174
0.28168
0.28162
0.28156
0.2815
0.28144
0.28138
0.28132
0.28126
0.2812
0.28114
0.28108
0.28102
0.28096
0.2809
0.28084
0.28078
0.28072
0.28066
0.2806
0.28054
0.28048
0.28042
0.28036
0.2803
0.28024
0.28018
0.28012
0.28006
0.28